0
0.00067
0.00388
0.00839
0.01392
0.01974
0.02539
0.03033
0.03445
0.03775
0.03998
0.04062
0.03925
0.03549
0.02942
0.02148
0.01260
0.00412
-0.00275
-0.00735
-0.01010
-0.01196
-0.01419
-0.01740
-0.02142
-0.02539
-0.02817
-0.02884
-0.02682
-0.02225
-0.01563
-0.00800
-0.00046
0.00623
0.01132
0.01447
0.01544
0.01428
0.01093
0.00568
-0.00070
-0.00702
-0.01236
-0.01605
-0.01801
-0.01846
-0.01831
-0.01816
-0.01865
-0.01993
-0.02158
-0.02277
-0.02286
-0.02155
-0.01901
-0.01563
-0.01205
-0.00888
-0.00662
-0.00528
-0.00430
-0.00320
