0
0.00452
0.01364
0.01981
0.02325
0.02536
0.02780
0.03134
0.03555
0.03842
0.03751
0.03214
0.02460
0.01828
0.01529
0.01511
0.01636
0.01724
0.01663
0.01392
0.00937
0.00397
-0.00098
-0.00418
-0.00482
-0.00290
0.00085
0.00482
0.00711
0.00595
0.00137
-0.00482
-0.01074
-0.01550
-0.01886
-0.02054
-0.02026
-0.01785
-0.01389
-0.00986
-0.00732
-0.00650
-0.00647
-0.00717
-0.00906
-0.01129
-0.01132
-0.00864
-0.00552
-0.00464
-0.00671
-0.01111
-0.01682
-0.02228
-0.02542
-0.02460
-0.01935
-0.01050
