0
0.00330
0.01495
0.02649
0.03763
0.04742
0.05438
0.05701
0.05475
0.04837
0.03949
0.03009
0.02145
0.01382
0.00653
-0.00125
-0.00916
-0.01581
-0.02002
-0.02161
-0.02075
-0.01724
-0.01117
-0.00449
0.00024
0.00247
0.00378
0.00586
0.00903
0.01260
0.01596
0.01840
0.01959
0.01993
0.01987
0.01895
0.01624
0.01114
0.00418
-0.00327
-0.01068
-0.01813
-0.02466
-0.02856
-0.02960
-0.02954
-0.03015
-0.03214
-0.03546
-0.03912
-0.04089
-0.03854
-0.03192
-0.02255
-0.01193
