NbEchantillon = {62,58,55,52,49,46,44,41,39,36,35,32}

C4 = {511,519,556,607,671,737,802,859,906,944,970,977,961,918,848,757,656,558,479,427,395,374,348,311,265,220,188,180,203,256,332,419,506,582,641,677,688,675,636,576,503,430,369,327,304,299,301,303,297,282,263,250,249,264,293,332,373,409,435,450,462,474}
C4d = {511,566,676,751,793,819,848,891,942,977,966,901,809,733,696,694,709,720,713,680,625,559,499,460,453,476,521,569,597,583,528,453,381,323,282,262,265,294,343,391,422,432,433,424,401,374,374,406,444,455,430,376,307,241,203,213,276,384}
D4 = {511,538,633,728,819,899,956,977,959,907,834,757,686,624,564,501,436,382,347,334,341,370,420,474,513,531,542,559,585,614,642,661,671,674,673,666,644,602,545,484,424,363,309,277,269,269,264,248,221,191,177,196,250,327,413}
D4d = {511,531,553,587,633,668,671,654,634,610,587,582,606,653,704,746,772,775,757,738,726,717,710,704,689,667,638,592,532,478,435,388,336,292,272,265,240,181,111,58,41,70,149,258,358,426,457,462,461,470,487,499}
E4 = {511,594,680,752,816,883,944,979,972,937,902,880,873,870,854,819,771,722,672,621,569,518,465,414,376,354,344,346,355,352,335,317,305,299,298,298,288,261,223,184,160,160,177,197,215,240,285,356,447}
F4 = {511,515,559,614,669,711,733,742,754,783,828,872,897,894,867,829,786,744,707,682,665,650,626,588,534,477,431,402,381,345,281,197,113,56,45,69,103,124,134,149,184,240,306,370,425,466}
F4d = {511,588,667,752,837,912,967,977,933,849,758,690,653,629,580,485,385,336,364,442,513,551,568,583,589,560,493,419,370,353,353,340,295,243,221,241,286,330,349,344,343,362,406,467}
G4 = {511,708,839,931,978,975,907,795,691,632,601,554,496,468,482,529,568,540,444,364,381,469,545,574,564,541,528,498,418,319,265,275,300,300,279,244,216,226,272,348,460}
G4d = {543,598,663,729,783,818,830,824,807,779,740,689,623,540,440,330,221,127,63,44,77,153,248,336,401,440,461,467,473,496,537,582,608,604,578,549,534,538,562}
A4 = {511,570,610,650,707,792,852,853,805,732,657,595,552,532,532,544,558,583,636,707,765,774,712,594,453,323,226,155,89,44,48,119,232,343,431,493}
A4d = {511,606,625,605,607,663,752,818,851,847,801,735,644,545,465,406,391,414,433,429,424,428,445,491,541,542,475,333,163,59,44,96,197,329,458}
B4 = {511,551,619,695,752,771,744,700,652,628,633,635,606,542,490,446,406,378,339,278,186,87,44,66,130,214,307,390,446,476,487,486}
